55 1
97 2
47 3
54 4
72 5
45 6
32 7
21 8
16 9
7 10
4 11
3 12
13 13
27 14
22 15
9 16
15 17
9 18
18 19
17 20
8 21
29 22
12 23
5 24
4 25
8 26
5 27
10 28
3 29
13 30
12 31
8 32
9 33
7 34
4 35
11 36
8 37
6 38
3 39
2 40
4 41
2 42
4 43
1 44
1 45
4 47
11 48
9 49
3 50
8 51
5 52
2 53
5 54
8 55
3 56
3 57
10 58
6 59
5 60
4 61
2 62
2 63
4 65
5 66
1 67
1 68
1 69
1 70
3 71
3 73
1 74
4 75
1 76
1 77
1 78
2 82
1 83
1 84
1 85
1 86
3 90
4 92
3 93
5 95
1 96
1 97
1 99
1 100
1 101
3 107
3 109
2 110
3 111
2 114
2 117
1 121
1 122
1 123
1 124
3 128
3 129
3 130
2 131
1 132
3 134
1 137
1 139
1 140
2 141
2 142
1 145
1 146
2 147
1 148
2 149
1 150
1 151
1 152
1 153
2 154
1 155
2 158
1 163
1 166
1 168
1 176
1 193
1 203
1 205
1 206
1 209
1 211
1 214
1 221
1 223
1 225
2 226
1 228
1 230
1 235
1 237
1 239
1 240
2 245
1 251
1 262
1 264
1 276
1 278
1 285
1 292
1 318
1 324
1 332
1 356
1 358
1 362
1 416
