7 1
11 2
5 3
5 4
4 5
15 6
26 7
8 8
11 9
12 10
3 11
6 12
10 13
3 14
169 15
25 16
12 17
9 18
8 19
19 20
22 21
25 22
37 23
10 24
5 25
9 26
2 27
10 28
5 29
93 30
13 31
3 32
4 34
38 35
1 36
3 37
2 38
11 39
4 40
4 41
4 42
9 43
12 44
42 45
9 46
3 47
4 48
8 49
14 50
10 51
2 52
10 53
1 54
3 55
2 56
3 57
7 58
2 59
12 60
3 61
4 62
1 63
1 64
4 65
1 66
2 68
1 70
3 71
1 73
5 74
5 75
1 76
1 78
1 79
2 80
4 81
1 82
1 83
6 84
2 86
1 87
2 88
7 90
2 91
2 92
1 93
2 94
5 97
1 99
1 102
1 103
2 109
1 110
3 112
3 113
1 119
1 120
1 126
1 127
1 129
1 131
1 134
1 135
1 137
2 139
2 140
1 141
1 143
1 155
1 156
1 162
1 164
2 171
2 174
1 177
1 178
1 179
1 182
1 183
1 187
1 190
1 191
1 203
1 219
1 249
1 277
1 283
1 288
1 296
1 302
1 303
1 304
1 307
1 309
1 313
1 336
1 378
1 388
8 591
1 605
1 626
1 635
1 644
1 645
9 650
1 656
1 665
1 679
18 680
1 685
