13 1
3 2
11 3
5 4
1 5
2 6
3 7
2 8
9 9
2 10
9 11
3 12
9 13
1 14
75 15
4 16
7 17
10 18
8 19
23 20
23 21
14 22
7 23
13 24
12 25
11 26
7 27
5 28
11 29
21 30
11 31
11 32
9 33
5 34
5 35
7 36
11 37
8 38
8 39
14 40
14 41
2 42
1 43
7 44
4 45
7 46
10 47
4 48
3 49
10 50
6 51
3 52
11 53
1 54
3 55
5 56
7 57
14 58
12 59
7 60
4 61
20 62
10 63
6 64
10 65
6 66
10 67
3 68
8 69
2 70
4 71
2 72
5 73
5 74
9 75
5 76
3 77
4 78
6 79
6 80
2 81
3 82
9 83
6 84
6 85
7 86
5 87
2 88
5 89
5 90
1 91
2 92
2 93
2 94
1 95
3 96
1 97
2 98
3 99
1 100
4 101
5 102
5 103
4 104
2 105
2 106
4 107
1 108
3 109
3 111
1 112
2 113
2 114
7 115
1 116
3 117
1 118
2 119
1 120
3 121
2 122
2 125
2 126
1 129
3 130
2 131
1 132
2 134
2 135
4 138
2 139
2 140
1 141
3 142
1 144
3 145
1 146
3 147
2 148
4 151
3 152
2 154
1 156
2 157
1 159
1 160
2 164
2 165
2 166
3 167
1 168
1 170
1 171
3 172
1 173
1 174
1 177
2 178
1 180
1 181
2 182
3 183
3 184
2 185
1 186
3 187
1 188
3 189
2 190
1 193
2 194
2 195
1 198
2 200
1 203
4 205
1 206
1 207
1 210
1 211
1 214
1 216
2 222
1 223
1 227
1 230
2 235
1 236
1 237
2 238
1 239
2 240
1 241
1 244
1 247
1 248
1 249
1 251
1 254
3 258
1 264
1 268
2 273
1 276
1 283
1 286
2 288
1 299
1 301
2 302
1 304
1 307
1 308
1 320
1 322
1 325
1 327
1 330
1 334
1 338
2 340
1 350
1 354
1 355
1 366
1 388
1 394
2 542
5 576
2 577
1 579
2 605
1 613
1 619
1 620
1 622
1 624
1 627
1 629
1 633
3 634
7 635
1 636
1 644
1 645
1 648
1 672
