28 0.21
2 0.22
10 0.24
9 0.25
5 0.27
1 0.28
2 0.29
5 0.3
3 0.31
1 0.32
2 0.33
5 0.34
7 0.35
6 0.36
16 0.37
4 0.38
8 0.39
11 0.4
8 0.41
3 0.42
1 0.43
10 0.44
11 0.45
4 0.46
4 0.47
10 0.48
7 0.49
9 0.5
7 0.51
9 0.52
13 0.53
17 0.54
8 0.55
8 0.56
5 0.57
14 0.58
6 0.59
8 0.6
9 0.61
5 0.62
5 0.63
10 0.64
10 0.65
12 0.66
5 0.67
20 0.68
3 0.69
10 0.7
6 0.71
11 0.72
10 0.73
8 0.74
7 0.75
3 0.76
6 0.77
4 0.78
11 0.79
7 0.8
3 0.81
7 0.82
11 0.83
6 0.84
5 0.85
6 0.86
3 0.87
4 0.88
14 0.89
8 0.9
9 0.91
5 0.92
6 0.93
6 0.94
9 0.95
11 0.96
13 0.97
17 0.98
9 0.99
15 1.0
14 1.01
14 1.02
6 1.03
10 1.04
6 1.05
11 1.06
10 1.07
9 1.08
11 1.09
8 1.1
7 1.11
7 1.12
4 1.13
8 1.14
4 1.15
3 1.16
5 1.17
5 1.18
6 1.19
1 1.2
4 1.21
7 1.22
3 1.23
6 1.24
7 1.25
6 1.26
4 1.27
4 1.28
5 1.29
5 1.3
7 1.31
2 1.32
2 1.33
5 1.34
5 1.35
3 1.36
1 1.37
4 1.38
7 1.39
10 1.4
9 1.41
6 1.42
8 1.43
6 1.44
1 1.45
3 1.46
3 1.47
2 1.48
1 1.53
1 1.54
2 1.56
7 1.57
2 1.58
2 1.6
7 1.62
1 1.63
8 1.64
2 1.67
2 1.68
3 1.7
1 1.71
2 1.72
3 1.73
1 1.75
1 1.78
1 1.8
1 1.83
1 1.85
1 1.86
2 1.95
3 1.97
2 1.98
1 1.99
1 2.0
2 2.05
1 2.06
1 2.07
2 2.08
1 2.1
2 2.11
1 2.12
