1 0.20
2 0.21
1 0.26
1 0.3
7 0.36
1 0.38
1 0.43
5 0.44
5 0.45
2 0.46
3 0.47
1 0.49
1 0.5
2 0.52
1 0.54
6 0.55
5 0.6
1 0.61
1 0.65
1 0.66
1 0.7
2 0.74
1 0.77
1 0.79
2 0.82
2 0.83
2 0.84
1 0.89
2 0.9
3 0.91
1 0.94
2 0.95
1 0.96
3 1.01
11 1.02
3 1.03
6 1.04
5 1.05
3 1.06
1 1.07
2 1.08
2 1.1
10 1.11
3 1.12
1 1.13
1 1.14
2 1.16
2 1.18
1 1.19
5 1.21
3 1.22
3 1.24
4 1.25
2 1.26
4 1.27
2 1.28
4 1.29
3 1.3
9 1.31
3 1.32
1 1.33
2 1.34
4 1.35
1 1.36
9 1.37
4 1.38
9 1.39
3 1.4
2 1.41
3 1.42
6 1.43
6 1.44
4 1.45
6 1.46
11 1.47
9 1.48
15 1.49
5 1.5
4 1.51
6 1.52
11 1.53
2 1.54
5 1.55
2 1.56
1 1.57
4 1.58
11 1.59
6 1.6
6 1.61
1 1.62
7 1.63
12 1.64
7 1.65
7 1.66
5 1.67
10 1.68
4 1.69
2 1.7
2 1.71
4 1.72
2 1.73
7 1.74
8 1.75
9 1.76
8 1.77
9 1.78
7 1.79
7 1.8
15 1.81
14 1.82
10 1.83
15 1.84
4 1.85
5 1.86
8 1.87
7 1.88
10 1.89
12 1.9
8 1.91
10 1.92
19 1.93
21 1.94
16 1.95
23 1.96
13 1.97
10 1.98
11 1.99
17 2.0
17 2.01
11 2.02
15 2.03
11 2.04
11 2.05
10 2.06
18 2.07
20 2.08
12 2.09
24 2.1
14 2.11
18 2.12
14 2.13
15 2.14
14 2.15
7 2.16
24 2.17
20 2.18
34 2.19
